http://www.myntra.com/sale-men-footwear?nav_id=628&src=tn,/sale-men-footwear,Footwear,http://www.myntra.com/hm?src=lnb,HM [4]
,http://www.myntra.com/flats/hm/hm-women-black-cream-toned-sandals/169498/buy
http://www.myntra.com/sale-men-footwear?nav_id=628&src=tn,/sale-men-footwear,Footwear,http://www.myntra.com/hm?src=lnb,HM [4]
,http://www.myntra.com/heels/hm/hm-women-blue-sandals/148358/buy
http://www.myntra.com/sale-men-footwear?nav_id=628&src=tn,/sale-men-footwear,Footwear,http://www.myntra.com/hm?src=lnb,HM [4]
,http://www.myntra.com/flats/hm/hm-women-silver-toned-grey-beaded-sandals/169506/buy
http://www.myntra.com/sale-men-footwear?nav_id=628&src=tn,/sale-men-footwear,Footwear,http://www.myntra.com/hm?src=lnb,HM [4]
,http://www.myntra.com/flats/hm/hm-women-blue-flat-shoes/169486/buy
http://www.myntra.com/sale-men-footwear?nav_id=628&src=tn,/sale-men-footwear,Footwear,http://www.myntra.com/hm?src=lnb,HM [4]
,http://www.myntra.com/heels/hm/hm-women-brown-sandals/168932/buy
http://www.myntra.com/sale-men-footwear?nav_id=628&src=tn,/sale-men-footwear,Footwear,http://www.myntra.com/hm?src=lnb,HM [4]
,http://www.myntra.com/heels/hm/hm-women-black-sandals/148357/buy
http://www.myntra.com/sale-men-footwear?nav_id=628&src=tn,/sale-men-footwear,Footwear,http://www.myntra.com/hm?src=lnb,HM [4]
,http://www.myntra.com/flats/hm/hm-women-grey-white-sandals/169508/buy
http://www.myntra.com/sale-men-footwear?nav_id=628&src=tn,/sale-men-footwear,Footwear,http://www.myntra.com/hm?src=lnb,HM [4]
,http://www.myntra.com/flats/hm/hm-women-brown-gold-toned-beaded-sandals/169505/buy
http://www.myntra.com/sale-men-footwear?nav_id=628&src=tn,/sale-men-footwear,Footwear,http://www.myntra.com/hm?src=lnb,HM [4]
,http://www.myntra.com/flats/hm/hm-women-orange-ballerinas/169497/buy
http://www.myntra.com/sale-men-footwear?nav_id=628&src=tn,/sale-men-footwear,Footwear,http://www.myntra.com/hm?src=lnb,HM [4]
,http://www.myntra.com/heels/hm/hm-women-brown-sandals/168913/buy
http://www.myntra.com/sale-men-footwear?nav_id=628&src=tn,/sale-men-footwear,Footwear,http://www.myntra.com/hm?src=lnb,HM [4]
,http://www.myntra.com/casual-shoes/hm/hm-men-brown-leather-casual-shoes/144528/buy
http://www.myntra.com/sale-men-footwear?nav_id=628&src=tn,/sale-men-footwear,Footwear,http://www.myntra.com/hm?src=lnb,HM [4]
,http://www.myntra.com/flats/hm/hm-women-gold-toned-studded-sandals/169507/buy
http://www.myntra.com/sale-men-footwear?nav_id=628&src=tn,/sale-men-footwear,Footwear,http://www.myntra.com/hm?src=lnb,HM [4]
,http://www.myntra.com/heels/hm/hm-women-black-sandals/56886/buy
http://www.myntra.com/sale-men-footwear?nav_id=628&src=tn,/sale-men-footwear,Footwear,http://www.myntra.com/hm?src=lnb,HM [4]
,http://www.myntra.com/heels/hm/hm-women-black-beige-sandals/168912/buy
http://www.myntra.com/sale-men-footwear?nav_id=628&src=tn,/sale-men-footwear,Footwear,http://www.myntra.com/hm?src=lnb,HM [4]
,http://www.myntra.com/heels/hm/hm-women-black-sandals/168926/buy
http://www.myntra.com/sale-men-footwear?nav_id=628&src=tn,/sale-men-footwear,Footwear,http://www.myntra.com/hm?src=lnb,HM [4]
,http://www.myntra.com/flats/hm/hm-women-black-pink-flat-shoes/169491/buy
http://www.myntra.com/sale-men-footwear?nav_id=628&src=tn,/sale-men-footwear,Footwear,http://www.myntra.com/hm?src=lnb,HM [4]
,http://www.myntra.com/heels/hm/hm-women-brown-sandals/56938/buy
http://www.myntra.com/sale-men-footwear?nav_id=628&src=tn,/sale-men-footwear,Footwear,http://www.myntra.com/hm?src=lnb,HM [4]
,http://www.myntra.com/heels/hm/hm-women-black-sandals/168910/buy
http://www.myntra.com/sale-men-footwear?nav_id=628&src=tn,/sale-men-footwear,Footwear,http://www.myntra.com/hm?src=lnb,HM [4]
,http://www.myntra.com/heels/hm/hm-women-purple-sandals/168914/buy
http://www.myntra.com/sale-men-footwear?nav_id=628&src=tn,/sale-men-footwear,Footwear,http://www.myntra.com/hm?src=lnb,HM [4]
,http://www.myntra.com/flats/hm/hm-women-red-studded-sandals/169509/buy
http://www.myntra.com/sale-men-footwear?nav_id=628&src=tn,/sale-men-footwear,Footwear,http://www.myntra.com/hm?src=lnb,HM [4]
,http://www.myntra.com/flats/hm/hm-women-green-sandals/135418/buy
http://www.myntra.com/sale-men-footwear?nav_id=628&src=tn,/sale-men-footwear,Footwear,http://www.myntra.com/hm?src=lnb,HM [4]
,http://www.myntra.com/flats/hm/hm-women-black-yellow-flat-shoes/169493/buy
http://www.myntra.com/sale-men-footwear?nav_id=628&src=tn,/sale-men-footwear,Footwear,http://www.myntra.com/hm?src=lnb,HM [4]
,http://www.myntra.com/flats/hm/hm-women-black-red-flat-shoes/169492/buy
http://www.myntra.com/sale-men-footwear?nav_id=628&src=tn,/sale-men-footwear,Footwear,http://www.myntra.com/hm?src=lnb,HM [4]
,http://www.myntra.com/heels/hm/hm-women-beige-sandals/168930/buy
http://www.myntra.com/sale-men-footwear?nav_id=628&src=tn,/sale-men-footwear,Footwear,http://www.myntra.com/hm?src=lnb,HM [4]
,http://www.myntra.com/Heels/HM/HM-Women-Blue-Sandals/168918/buy
http://www.myntra.com/sale-men-footwear?nav_id=628&src=tn,/sale-men-footwear,Footwear,http://www.myntra.com/hm?src=lnb,HM [4]
,http://www.myntra.com/Heels/HM/HM-Women-Neon-Green-Sandals/168919/buy
http://www.myntra.com/sale-men-footwear?nav_id=628&src=tn,/sale-men-footwear,Footwear,http://www.myntra.com/hm?src=lnb,HM [4]
,http://www.myntra.com/Heels/HM/HM-Women-Neon-Pink-Sandals/168920/buy
http://www.myntra.com/sale-men-footwear?nav_id=628&src=tn,/sale-men-footwear,Footwear,http://www.myntra.com/hm?src=lnb,HM [4]
,http://www.myntra.com/Flats/HM/HM-Women-Maroon-Sandals/169517/buy
http://www.myntra.com/sale-men-footwear?nav_id=628&src=tn,/sale-men-footwear,Footwear,http://www.myntra.com/hm?src=lnb,HM [4]
,http://www.myntra.com/Heels/HM/HM-Women-Multi-Coloured-Sandals/148356/buy
http://www.myntra.com/sale-men-footwear?nav_id=628&src=tn,/sale-men-footwear,Footwear,http://www.myntra.com/hm?src=lnb,HM [4]
,http://www.myntra.com/Heels/HM/HM-Women-Black-Sandals/56884/buy
http://www.myntra.com/sale-men-footwear?nav_id=628&src=tn,/sale-men-footwear,Footwear,http://www.myntra.com/hm?src=lnb,HM [4]
,http://www.myntra.com/Flats/HM/HM-Women-Blue-&-Cream-Toned-Sandals/169499/buy
http://www.myntra.com/sale-men-footwear?nav_id=628&src=tn,/sale-men-footwear,Footwear,http://www.myntra.com/hm?src=lnb,HM [4]
,http://www.myntra.com/Flats/HM/HM-Women-White-&-Pink-Sandals/169503/buy
http://www.myntra.com/sale-men-footwear?nav_id=628&src=tn,/sale-men-footwear,Footwear,http://www.myntra.com/hm?src=lnb,HM [4]
,http://www.myntra.com/Flats/HM/HM-Women-Silver-&-Blue-Sandals/148349/buy
http://www.myntra.com/sale-men-footwear?nav_id=628&src=tn,/sale-men-footwear,Footwear,http://www.myntra.com/hm?src=lnb,HM [4]
,http://www.myntra.com/Heels/HM/HM-Women-Black-Sandals/168931/buy
http://www.myntra.com/sale-men-footwear?nav_id=628&src=tn,/sale-men-footwear,Footwear,http://www.myntra.com/hm?src=lnb,HM [4]
,http://www.myntra.com/Flats/HM/HM-Women-Black-&-White-Beaded-Sandals/169501/buy
http://www.myntra.com/sale-men-footwear?nav_id=628&src=tn,/sale-men-footwear,Footwear,http://www.myntra.com/hm?src=lnb,HM [4]
,http://www.myntra.com/Heels/HM/HM-Women-Maroon-Sandals/168915/buy
http://www.myntra.com/sale-men-footwear?nav_id=628&src=tn,/sale-men-footwear,Footwear,http://www.myntra.com/hm?src=lnb,HM [4]
,http://www.myntra.com/Flats/HM/HM-Women-Brown-Sandals/169480/buy
http://www.myntra.com/sale-men-footwear?nav_id=628&src=tn,/sale-men-footwear,Footwear,http://www.myntra.com/hm?src=lnb,HM [4]
,http://www.myntra.com/Flats/HM/HM-Women-Black-Sandals/168916/buy
http://www.myntra.com/sale-men-footwear?nav_id=628&src=tn,/sale-men-footwear,Footwear,http://www.myntra.com/hm?src=lnb,HM [4]
,http://www.myntra.com/Heels/HM/HM-Women-Maroon-Sandals/148364/buy
http://www.myntra.com/sale-men-footwear?nav_id=628&src=tn,/sale-men-footwear,Footwear,http://www.myntra.com/hm?src=lnb,HM [4]
,http://www.myntra.com/Flats/HM/HM-Women-Silver-&-Yellow-Sandals/148350/buy
http://www.myntra.com/sale-men-footwear?nav_id=628&src=tn,/sale-men-footwear,Footwear,http://www.myntra.com/hm?src=lnb,HM [4]
,http://www.myntra.com/Flats/HM/HM-Women-Pink-&-Cream-Toned-Sandals/169500/buy
http://www.myntra.com/sale-men-footwear?nav_id=628&src=tn,/sale-men-footwear,Footwear,http://www.myntra.com/hm?src=lnb,HM [4]
,http://www.myntra.com/Flats/HM/HM-Women-Black-&-Green-Flat-Shoes/169490/buy
http://www.myntra.com/sale-men-footwear?nav_id=628&src=tn,/sale-men-footwear,Footwear,http://www.myntra.com/hm?src=lnb,HM [4]
,http://www.myntra.com/Heels/HM/HM-Women-Black-Sandals/135395/buy
http://www.myntra.com/sale-men-footwear?nav_id=628&src=tn,/sale-men-footwear,Footwear,http://www.myntra.com/hm?src=lnb,HM [4]
,http://www.myntra.com/Heels/HM/HM-Women-Black-Sandals/56894/buy
http://www.myntra.com/sale-men-footwear?nav_id=628&src=tn,/sale-men-footwear,Footwear,http://www.myntra.com/hm?src=lnb,HM [4]
,http://www.myntra.com/Flats/HM/HM-Women-Black-Flat-Shoes/169511/buy
http://www.myntra.com/sale-men-footwear?nav_id=628&src=tn,/sale-men-footwear,Footwear,http://www.myntra.com/hm?src=lnb,HM [4]
,http://www.myntra.com/Flats/HM/HM-Women-Green-Flat-Shoes/169487/buy
http://www.myntra.com/sale-men-footwear?nav_id=628&src=tn,/sale-men-footwear,Footwear,http://www.myntra.com/hm?src=lnb,HM [4]
,http://www.myntra.com/Flats/HM/HM-Women-Grey-Studded-Sandals/135424/buy
http://www.myntra.com/sale-men-footwear?nav_id=628&src=tn,/sale-men-footwear,Footwear,http://www.myntra.com/hm?src=lnb,HM [4]
,http://www.myntra.com/Heels/HM/HM-Women-Red-Sandals/168911/buy
http://www.myntra.com/sale-men-footwear?nav_id=628&src=tn,/sale-men-footwear,Footwear,http://www.myntra.com/hm?src=lnb,HM [4]
,http://www.myntra.com/Flats/HM/HM-Women-Black-Sandals/169515/buy
http://www.myntra.com/sale-men-footwear?nav_id=628&src=tn,/sale-men-footwear,Footwear,http://www.myntra.com/hm?src=lnb,HM [4]
,http://www.myntra.com/Casual-Shoes/HM/HM-Men-Black-Leather-Casual-Shoes/144527/buy
http://www.myntra.com/sale-men-footwear?nav_id=628&src=tn,/sale-men-footwear,Footwear,http://www.myntra.com/hm?src=lnb,HM [4]
,http://www.myntra.com/Flats/HM/HM-Women-Cream-Coloured-Sandals/148338/buy
http://www.myntra.com/sale-men-footwear?nav_id=628&src=tn,/sale-men-footwear,Footwear,http://www.myntra.com/hm?src=lnb,HM [4]
,http://www.myntra.com/Heels/HM/HM-Women-Maroon-Sandals/56897/buy
http://www.myntra.com/sale-men-footwear?nav_id=628&src=tn,/sale-men-footwear,Footwear,http://www.myntra.com/hm?src=lnb,HM [4]
,http://www.myntra.com/Flats/HM/HM-Women-Green-Flat-Shoes/169496/buy
http://www.myntra.com/sale-men-footwear?nav_id=628&src=tn,/sale-men-footwear,Footwear,http://www.myntra.com/hm?src=lnb,HM [4]
,http://www.myntra.com/Heels/HM/HM-Women-Grey-Sandals/168921/buy
http://www.myntra.com/sale-men-footwear?nav_id=628&src=tn,/sale-men-footwear,Footwear,http://www.myntra.com/hm?src=lnb,HM [4]
,http://www.myntra.com/Flats/HM/HM-Women-Brown-Sandals/169516/buy
http://www.myntra.com/sale-men-footwear?nav_id=628&src=tn,/sale-men-footwear,Footwear,http://www.myntra.com/hm?src=lnb,HM [4]
,http://www.myntra.com/Flats/HM/HM-Women-Black-&-White-Beaded-Sandals/169504/buy
http://www.myntra.com/sale-men-footwear?nav_id=628&src=tn,/sale-men-footwear,Footwear,http://www.myntra.com/hm?src=lnb,HM [4]
,http://www.myntra.com/Flats/HM/HM-Women-Black-Sandals/148339/buy
http://www.myntra.com/sale-men-footwear?nav_id=628&src=tn,/sale-men-footwear,Footwear,http://www.myntra.com/hm?src=lnb,HM [4]
,http://www.myntra.com/Flats/HM/HM-Women-Red-Sandals/135419/buy
http://www.myntra.com/sale-men-footwear?nav_id=628&src=tn,/sale-men-footwear,Footwear,http://www.myntra.com/hm?src=lnb,HM [4]
,http://www.myntra.com/Heels/HM/HM-Women-Black-Sandals/65500/buy
http://www.myntra.com/sale-men-footwear?nav_id=628&src=tn,/sale-men-footwear,Footwear,http://www.myntra.com/hm?src=lnb,HM [4]
,http://www.myntra.com/Heels/HM/HM-Women-Black-Sandals/56896/buy
http://www.myntra.com/sale-men-footwear?nav_id=628&src=tn,/sale-men-footwear,Footwear,http://www.myntra.com/hm?src=lnb,HM [4]
,http://www.myntra.com/Heels/HM/HM-Women-Brown-Sandals/56863/buy
http://www.myntra.com/sale-men-footwear?nav_id=628&src=tn,/sale-men-footwear,Footwear,http://www.myntra.com/hm?src=lnb,HM [4]
,http://www.myntra.com/Heels/HM/HM-Women-Black-Sandals/56887/buy
http://www.myntra.com/sale-men-footwear?nav_id=628&src=tn,/sale-men-footwear,Footwear,http://www.myntra.com/hm?src=lnb,HM [4]
,http://www.myntra.com/Heels/HM/HM-Women-Blue-Sandals/56895/buy
http://www.myntra.com/sale-men-footwear?nav_id=628&src=tn,/sale-men-footwear,Footwear,http://www.myntra.com/hm?src=lnb,HM [4]
,http://www.myntra.com/Casual-Shoes/HM/HM-Men-Black-Leather-Casual-Shoes/144525/buy
http://www.myntra.com/sale-men-footwear?nav_id=628&src=tn,/sale-men-footwear,Footwear,http://www.myntra.com/hm?src=lnb,HM [4]
,http://www.myntra.com/Heels/HM/HM-Women-Golden-Sandals/56864/buy
http://www.myntra.com/sale-men-footwear?nav_id=628&src=tn,/sale-men-footwear,Footwear,http://www.myntra.com/hm?src=lnb,HM [4]
,http://www.myntra.com/Heels/HM/HM-Women-Silver-Sandals/56899/buy
http://www.myntra.com/sale-men-footwear?nav_id=628&src=tn,/sale-men-footwear,Footwear,http://www.myntra.com/hm?src=lnb,HM [4]
,http://www.myntra.com/Heels/HM/HM-Women-Black-Sandals/56871/buy
http://www.myntra.com/sale-men-footwear?nav_id=628&src=tn,/sale-men-footwear,Footwear,http://www.myntra.com/hm?src=lnb,HM [4]
,http://www.myntra.com/Heels/HM/HM-Women-Black-Sandals/65425/buy
http://www.myntra.com/sale-men-footwear?nav_id=628&src=tn,/sale-men-footwear,Footwear,http://www.myntra.com/hm?src=lnb,HM [4]
,http://www.myntra.com/Flats/HM/HM-Women-Red-Flat-Shoes/169478/buy
http://www.myntra.com/sale-men-footwear?nav_id=628&src=tn,/sale-men-footwear,Footwear,http://www.myntra.com/hm?src=lnb,HM [4]
,http://www.myntra.com/Flats/HM/HM-Women-Blue-shoes/169495/buy
http://www.myntra.com/sale-men-footwear?nav_id=628&src=tn,/sale-men-footwear,Footwear,http://www.myntra.com/hm?src=lnb,HM [4]
,http://www.myntra.com/Heels/HM/HM-Women-Black-Wedge-Sandals/148362/buy
http://www.myntra.com/sale-men-footwear?nav_id=628&src=tn,/sale-men-footwear,Footwear,http://www.myntra.com/hm?src=lnb,HM [4]
,http://www.myntra.com/Heels/HM/HM-Women-Beige-Sandals/135394/buy
http://www.myntra.com/sale-men-footwear?nav_id=628&src=tn,/sale-men-footwear,Footwear,http://www.myntra.com/hm?src=lnb,HM [4]
,http://www.myntra.com/Heels/HM/HM-Women-Brown-Sandals/168909/buy
http://www.myntra.com/sale-men-footwear?nav_id=628&src=tn,/sale-men-footwear,Footwear,http://www.myntra.com/hm?src=lnb,HM [4]
,http://www.myntra.com/Flats/HM/HM-Women-Pink-&-Beige-Flat-Shoes/169484/buy
http://www.myntra.com/sale-men-footwear?nav_id=628&src=tn,/sale-men-footwear,Footwear,http://www.myntra.com/hm?src=lnb,HM [4]
,http://www.myntra.com/Flats/HM/HM-Women-Charcoal-Black-Flat-Shoes/169494/buy
http://www.myntra.com/sale-men-footwear?nav_id=628&src=tn,/sale-men-footwear,Footwear,http://www.myntra.com/hm?src=lnb,HM [4]
,http://www.myntra.com/Flats/HM/HM-Women-Multi-Coloured-Sandals/148343/buy
http://www.myntra.com/sale-men-footwear?nav_id=628&src=tn,/sale-men-footwear,Footwear,http://www.myntra.com/hm?src=lnb,HM [4]
,http://www.myntra.com/Heels/HM/HM-Women-Blue-Sandals/56904/buy
http://www.myntra.com/sale-men-footwear?nav_id=628&src=tn,/sale-men-footwear,Footwear,http://www.myntra.com/hm?src=lnb,HM [4]
,http://www.myntra.com/Flats/HM/HM-Women-Golden-Sandals/57002/buy
http://www.myntra.com/sale-men-footwear?nav_id=628&src=tn,/sale-men-footwear,Footwear,http://www.myntra.com/hm?src=lnb,HM [4]
,http://www.myntra.com/Flats/HM/HM-Women-Multi-Coloured-Sandals/169502/buy
http://www.myntra.com/sale-men-footwear?nav_id=628&src=tn,/sale-men-footwear,Footwear,http://www.myntra.com/hm?src=lnb,HM [4]
,http://www.myntra.com/Heels/HM/HM-Women-Brown-Sandals/148359/buy
http://www.myntra.com/sale-men-footwear?nav_id=628&src=tn,/sale-men-footwear,Footwear,http://www.myntra.com/hm?src=lnb,HM [4]
,http://www.myntra.com/Flats/HM/HM-Women-Orange-Flat-Shoes/169488/buy
http://www.myntra.com/sale-men-footwear?nav_id=628&src=tn,/sale-men-footwear,Footwear,http://www.myntra.com/hm?src=lnb,HM [4]
,http://www.myntra.com/Heels/HM/HM-Women-Black-Sandals/65439/buy
http://www.myntra.com/sale-men-footwear?nav_id=628&src=tn,/sale-men-footwear,Footwear,http://www.myntra.com/hm?src=lnb,HM [4]
,http://www.myntra.com/Flats/HM/HM-Women-Red-&-Beige-Flat-Shoes/169485/buy
http://www.myntra.com/sale-men-footwear?nav_id=628&src=tn,/sale-men-footwear,Footwear,http://www.myntra.com/hm?src=lnb,HM [4]
,http://www.myntra.com/Heels/HM/HM-Women-Red-Sandals/56885/buy
http://www.myntra.com/sale-men-footwear?nav_id=628&src=tn,/sale-men-footwear,Footwear,http://www.myntra.com/hm?src=lnb,HM [4]
,http://www.myntra.com/Heels/HM/HM-Women-Grey-Sandals/148360/buy
http://www.myntra.com/sale-men-footwear?nav_id=628&src=tn,/sale-men-footwear,Footwear,http://www.myntra.com/hm?src=lnb,HM [4]
,http://www.myntra.com/Flats/HM/HM-Women-Black-Sandals/169473/buy
http://www.myntra.com/sale-men-footwear?nav_id=628&src=tn,/sale-men-footwear,Footwear,http://www.myntra.com/hm?src=lnb,HM [4]
,http://www.myntra.com/Flats/HM/HM-Women-Dark-Brown-Flat-Shoes/169477/buy
http://www.myntra.com/sale-men-footwear?nav_id=628&src=tn,/sale-men-footwear,Footwear,http://www.myntra.com/hm?src=lnb,HM [4]
,http://www.myntra.com/Heels/HM/HM-Women-Brown-Sandals/148363/buy
http://www.myntra.com/sale-men-footwear?nav_id=628&src=tn,/sale-men-footwear,Footwear,http://www.myntra.com/hm?src=lnb,HM [4]
,http://www.myntra.com/Heels/HM/HM-Women-Pink-Sandals/168929/buy
http://www.myntra.com/sale-men-footwear?nav_id=628&src=tn,/sale-men-footwear,Footwear,http://www.myntra.com/hm?src=lnb,HM [4]
,http://www.myntra.com/Heels/HM/HM-Women-Off-White-Sandals/168922/buy
http://www.myntra.com/sale-men-footwear?nav_id=628&src=tn,/sale-men-footwear,Footwear,http://www.myntra.com/hm?src=lnb,HM [4]
,http://www.myntra.com/Flats/HM/HM-Women-Gold-Toned-Sandals/169513/buy
http://www.myntra.com/sale-men-footwear?nav_id=628&src=tn,/sale-men-footwear,Footwear,http://www.myntra.com/hm?src=lnb,HM [4]
,http://www.myntra.com/Flats/HM/HM-Women-Yellow-Sandals/169474/buy
http://www.myntra.com/sale-men-footwear?nav_id=628&src=tn,/sale-men-footwear,Footwear,http://www.myntra.com/hm?src=lnb,HM [4]
,http://www.myntra.com/Flats/HM/HM-Women-Royal-Blue-&-Beige-Flat-Shoes/169483/buy
http://www.myntra.com/sale-men-footwear?nav_id=628&src=tn,/sale-men-footwear,Footwear,http://www.myntra.com/hm?src=lnb,HM [4]
,http://www.myntra.com/Flats/HM/HM-Women-Blue-Flat-Shoes/169476/buy
http://www.myntra.com/sale-men-footwear?nav_id=628&src=tn,/sale-men-footwear,Footwear,http://www.myntra.com/hm?src=lnb,HM [4]
,http://www.myntra.com/Heels/HM/HM-Women-Blue-Sandals/168927/buy
http://www.myntra.com/sale-men-footwear?nav_id=628&src=tn,/sale-men-footwear,Footwear,http://www.myntra.com/hm?src=lnb,HM [4]
,http://www.myntra.com/Heels/HM/HM-Women-Brown-Wedge-Sandals/148361/buy
http://www.myntra.com/sale-men-footwear?nav_id=628&src=tn,/sale-men-footwear,Footwear,http://www.myntra.com/hm?src=lnb,HM [4]
,http://www.myntra.com/Casual-Shoes/HM/HM-Men-Black-Leather-Smart-Casual-Shoes/144529/buy
http://www.myntra.com/sale-men-footwear?nav_id=628&src=tn,/sale-men-footwear,Footwear,http://www.myntra.com/hm?src=lnb,HM [4]
,http://www.myntra.com/Heels/HM/HM-Women-Pink-Sandals/65499/buy
http://www.myntra.com/sale-men-footwear?nav_id=628&src=tn,/sale-men-footwear,Footwear,http://www.myntra.com/hm?src=lnb,HM [4]
,http://www.myntra.com/Heels/HM/HM-Women-Red-Sandals/65440/buy
http://www.myntra.com/sale-men-footwear?nav_id=628&src=tn,/sale-men-footwear,Footwear,http://www.myntra.com/hm?src=lnb,HM [4]
,http://www.myntra.com/Flats/HM/HM-Women-Black-Sandals/56975/buy
http://www.myntra.com/sale-men-footwear?nav_id=628&src=tn,/sale-men-footwear,Footwear,http://www.myntra.com/hm?src=lnb,HM [4]
,http://www.myntra.com/Heels/HM/HM-Women-Black-Sandals/56957/buy
http://www.myntra.com/sale-men-footwear?nav_id=628&src=tn,/sale-men-footwear,Footwear,http://www.myntra.com/hm?src=lnb,HM [4]
,http://www.myntra.com/Heels/HM/HM-Women-Black-Sandals/56976/buy
http://www.myntra.com/sale-men-footwear?nav_id=628&src=tn,/sale-men-footwear,Footwear,http://www.myntra.com/hm?src=lnb,HM [4]
,http://www.myntra.com/Heels/HM/HM-Women-Yellow-Sandals/56874/buy
